654920
867901
685836
206806
389156
175153
651346
595146
829335
815724
326325
230713
149630
240486
789773
981642
629169
927872
295059
277480
832449
765479
386496
285068
727338
805411
186704
749636
425442
413739
677029
957942
320662
135862
229140
549445
871630
494115
896830
771393
426747
372524
713359
408046
288855
340904
741776
530358
957674
769291
516239
605701
343441
139913
655562
921050
694071
961026
702809
590399
539575
950242
928949
335763
529005
148104
686546
973052
903201
244647
148997
880255
293593
719615
153307
745632
780763
741117
775318
811660
548478
728473
861523
184562
958479
892536
426625
526922
988565
150198
556873
288449
578261
499162
139933
658522
202217
587475
121033
764151
721361
280839
396133
811961
635059
679626
334418
621947
588922
940196
273001
693143
722922
135012
353775
519787
469416
250442
856410
837251
908133
333811
967117
813096
467630
637007
788384
710569
240637
710887
491173
797178
318597
778913
755389
412999
302982
385982
934583
670809
841734
770176
152020
452186
325433
696008
575976
965097
271762
922516
303172
439399
954471
504614
664643
892410
970399
881971
727370
641516
358500
478866
777832
681532
495172
793150
337981
881532
849676
200017
705856
749310
976619
316227
234493
676583
310046
147772
648672
710055
581394
253601
587260
535324
796743
955504
693932
154204
718355
976619
718389
229636
577909
724596
163564
410101
874280
132999
791163
941708
147689
629233
460295
868655
275721
900158
903057
951577
734720
972803
466871
390367
897709
130977
342397
527667
880888
997805
447315
393719
180863
526235
798800
169340
797802
212736
622429
291042
390294
226771
555867
861290
661987
258432
881476
408146
583383
778931
137466
862583
225693
854846
383997
157517
970773
648292
685050
272159
840893
239642
940111
619658
471331
925615
516217
970705
547082
831110
742135
861620
694090
898463
337897
663345
355400
674748
625186
181223
349982
752302
958603
938177
364544
245636
896578
844908
373798
316130
873125
256677
169582
521671
416494
596236
414736
330905
379371
416356
222461
408739
120397
981388
946805
966703
402260
756470
247753
288907
923467
369901
172195
990635
464982
678164
963833
816784
590825
210061
789429
166348
832727
156589
251847
618184
195391
380251
654994
359051
727684
635801
508925
928571
273906
592522
503683
389868
307947
151465
536465
131721
415103
568755
414298
505341
259116
253729
220062
389124
187098
432964
267634
269728
379265
741587
224454
255428
923853
147770
361527
509883
304740
736882
260547
708758
499529
360514
124733
781754
874045
913192
524557
698815
820173
581065
781467
225381
766177
507695
233178
796411
123519
398561
186223
483166
219277
543216
268719
796884
171212
640623
869662
970329
881351
558593
450550
115792
896662
241662
608560
379357
346200
178803
714236
418294
954157
987485
861960
325910
685424
227924
444297
290460
296769
456406
978652
562285
140987
152789
487986
929999
786546
664310
621256
361698
154080
981856
189891
611281
262684
461281
620566
742925
190171
616218
373570
897907
492382
646893
105530
238103
946379
782871
514782
364132
483611
845367
599925
440246
962637
524151
149965
896004
408033
969421
246974
550351
657129
580037
219062
368716
132628
623397
908627
181771
328938
665298
579829
898535
208758
730817
267357
173798
368510
450139
491354
459513
184002
559437
321454
186791
550736
220289
239411
772262
406915
370108
274670
260657
766920
585633
341828
471005
630441
363154
787929
536299
988369
890810
164204
894031
827220
634941
649861
101431
650649
968140
595714
173062
470965
682094
184973
930994
748980
382102
627032
722405
864895
616765
332199
956575
329372
787499
518905
223931
990409
904685
695568
705765
732900
997861
762293
716586
844128
631468
978477
579525
114824
257972
208314
410097
430590
306475
762039
998211
330233
248503
436186
850428
613448
299120
599144
600576
776775
966287
835471
972856
884914
971471
174703
233025
140008
672636
322614
732423
385039
965176
773056
455710
945029
175788
677883
611052
594652
842309
240282
483912
314483
178150
494236
503485
629606
437280
875699
952401
405376
889190
692212
251896
929764
467246
519393
205319
968840
639646
388087
837603
847660
505741
527437
500434
164243
172444
673764
577219
926989
181378
722131
208931
158627
463263
666578
569918
919664
125042
369229
922454
109499
208908
249344
211314
338488
342216
676729
754255
836841
884479
138751
484443
841100
279501
238821
725894
564646
847530
476899
945911
913010
867170
665816
857321
855433
853715
377326
272073
389933
125554
797131
240336
296137
158513
319142
871748
944005
312066
352045
184693
750922
939119
893274
425572
505165
508874
381119
883477
666742
928794
736374
688306
624416
691073
727692
117617
934863
715649
970023
500773
859666
633721
833265
738358
644015
376602
427344
148379
746169
863263
449907
281689
803425
832794
141591
641774
882487
475956
111925
270040
328952
479513
755358
513047
915058
878776
670002
122730
811660
361691
200634
646898
783713
122342
957006
530489
827917
789679
934581
268742
410048
334940
644979
642212
500360
888404
569625
360919
234886
605271
446615
742225
722707
878242
614552
580558
457407
525125
446381
285781
975978
135955
207126
729114
861484
850378
928602
896864
311165
879470
886847
119023
643461
304550
678152
798880
247566
778158
196244
158145
420632
140343
472649
328566
133149
624637
370121
673478
894007
759734
206594
566982
338394
110438
607347
534316
423976
280656
105994
668256
334530
421123
454693
233780
835515
163586
202816
446993
592452
717730
524153
227805
600220
646787
160318
258900
452065
978855
301609
780769
280247
940241
167636
612529
418045
865827
643863
446443
538247
607543
270261
962158
337544
785821
549768
226377
159112
898714
366996
177750
635242
911661
246037
747518
742227
939825
627828
531224
552298
946647
178986
174335
170325
574751
479009
411144
418810
106142
946008
847876
467436
185842
191085
370624
126143
408358
330668
401686
851326
584025
986058
966980
673692
415003
526807
109851
512177
436219
582137
440747
202577
873535
610140
548411
563746
863515
594704
989682
198359
479857
522256
137706
242373
460321
997119
345570
339050
202945
128460
219691
455519
261750
846844
442775
267830
810504
817754
524547
768582
185039
549146
455908
766737
776450
802667
558647
433655
629028
161180
590301
763085
946600
359833
789461
117600
111680
243763
583400
146308
280368
946190
596171
923436
865371
120520
827791
674426
269742
461448
102035
997057
354244
164554
149263
482448
315775
637489
646882
918815
725648
645118
348748
969036
266293
765875
268739
732148
924707
181541
328041
576581
262359
442347
171997
436518
586550
591500
108198
465822
897116
722481
669063
790020
355770
562299
160200
943470
578385
303797
122384
435371
753102
378625
536357
865336
311438
116415
403384
452876
700944
788654
689641
600564
769313
342599
958788
494927
298702
843518
947593
567416
639165
472597
254566
678324
437103
285292
862326
841139
354444
957727
973732
283255
208515
764243
283809
916815
497154
372440
181830
460939
370807
974231
892459
204154
845226
288766
136711
596580
977828
412806
960874
417774
448165
569841
506630
674469
268941
431042
624940
859239
130009
501969
845709
698795
930890
784744
287133
327304
523987
806628
549551
630913
246610
386190
952289
266591
768498
693592
766937
277505
223819
472805
832621
137510
960653
765701
500267
769420
928702
617881
985336
152902
239953
675656
772904
385596
524118
839891
767284
413448
931713
367075
936016
764552
668180
325332
233868
862275
667421
872525
726154
302137
967108
728543
629738
596198
383414
277550
451713
642134
600508
722829
314275
694655
736655
296069
515380
967008
434171
355770
350813
384749
524263
665416
450514
317666
468363
497662
727157
831635
965222
624814
990325
331685
182592
329961
678043
640467
517086
423869
854080
263953
859786
769812
398761
601782
436630
247088
431638
940061
738500
169200
352265
327471
591569
936484
398693
392364
593528
867700
589151
588976
400506
601087
340403
826610
660751
934960
166726
933483
786307
412068
124498
886968
239669
617086
630765
752926
911785
210229
660758
996756
122329
559714
785572
331650
324797
276326
376845
651029
173738
576108
931208
500997
284384
582344
733293
407591
917674
926827
666195
721460
231996
304458
872058
954395
585119
124005
309897
113107
493483
934314
772073
565039
737969
670752
178102
431085
441135
132426
492511
997516
732680
592891
362017
444335
379495
110620
815898
344963
516999
964131
829989
865180
481555
449948
100308
399874
470856
801709
648680
154634
284619
834243
325131
215050
435894
892850
379691
734424
923700
667426
322478
343313
734384
717570
432719
419731
206488
743353
192842
816427
485194
838679
367800
343169
734768
720154
685739
451527
200156
502187
278873
154652
439802
408397
582081
401613
776793
564491
970602
548684
453370
779203
217046
204212
955364
349555
518020
605989
587648
408581
635902
194706
387826
277630
966941
963497
778994
930865
811000
921861
519885
504406
471766
239671
166591
197216
756962
122186
274097
907557
223505
220776
510652
546149
253453
863984
723169
801884
365152
755879
454272
504902
223494
216070
777630
567060
921631
888941
230801
383386
854054
375318
811155
411539
590837
530403
502271
401628
642913
389257
339945
455856
432874
596067
650794
561616
621485
860683
982104
199198
889651
495248
908380
916335
718475
783164
910343
788002
833678
995460
421286
295259
836514
122724
156036
102520
380165
638881
423845
707124
201746
907539
694195
559103
233732
493591
412000
146746
654633
883798
624021
450858
173551
845992
912051
747095
492563
176286
439850
789859
279537
866849
257201
875263
114729
352491
432294
740796
118731
432566
429704
347205
633617
972184
285894
927791
306412
488985
988934
156842
223948
859308
398128
707316
621507
788679
167019
587097
809186
207089
601510
632665
782704
350916
774317
499771
552622
428725
246115
764383
147701
790008
129947
521066
579536
663504
289780
406865
845258
289225
351763
609337
659676
168640
812519
768405
497572
372468
377421
113700
610684
265887
984629
403903
666140
747641
849990
188219
512472
740582
474452
279776
360265
939378
779459
964316
668195
508121
905806
620901
938531
953370
334412
191337
661858
813357
393763
389739
336176
989947
943493
144301
542196
270032
484140
195898
162436
153471
582917
779292
545489
206178
324837
282747
959194
533691
489272
457728
756303
356697
114425
623461
725439
239435
451396
702290
925967
588301
321083
460586
193798
616030
651010
910986
565822
934830
449143
243588
155434
557132
204365
233438
184334
480578
638099
707695
377451
770238
449096
550962
909539
313977
973201
461623
566001
621211
946579
313290
476505
713240
510420
895126
488341
660935
955707
677929
937774
277486
124810
646425
230064
207063
562012
167942
510881
103054
109586
820195
427012
946706
174452
229366
600855
182137
452129
251409
212277
930921
542230
801345
467790
285363
683292
843042
923989
823590
839558
401389
791088
961325
693024
284523
384513
458366
364881
243524
736160
214264
482559
374666
609678
648617
217295
813281
811636
481212
849764
357871
142521
773672
304836
512493
104254
245472
844115
132385
729038
966271
604476
664953
989645
765569
384514
976385
320973
316946
590938
706272
747819
319191
992893
810503
613881
132649
693591
382323
270596
159075
909988
776489
604904
816826
361846
733208
168928
958665
238586
101637
388406
796160
898833
502206
253228
998476
275269
378211
436745
922339
799916
836159
323070
204540
104904
753506
331788
234235
685796
365211
254148
693598
757081
885875
151347
254166
708885
779416
349322
533927
816713
711163
845792
399586
580153
676598
837124
986748
177496
972259
277342
956987
214324
320395
660756
373077
294367
473834
819554
233684
532771
149837
576782
581541
154049
482307
399644
829684
923880
808578
235858
864258
101980
293291
323498
129522
690340
169532
354720
809932
428174
742880
205125
773118
158852
717512
835492
622680
442004
460386
390820
468422
405915
504574
159799
255188
128618
437906
825760
895163
691737
670984
582122
438596
192593
632033
819079
476570
836336
934326
295981
133855
437647
538110
436474
450452
117796
630232
467125
715913
627728
857335
810892
717320
721740
903062
396263
773784
867541
544211
273397
327615
287877
251712
287356
541939
654557
549616
234688
986586
968389
797609
318050
753817
879296
854310
427879
498412
392120
426007
946992
502058
529571
829980
787620
876920
159076
413304
817573
693357
503218
619997
473091
584048
142354
263095
888141
613188
725043
470716
694598
819172
108512
400479
379809
552666
554385
413517
303912
425008
940777
789993
284377
113790
113122
532999
851031
652731
851851
815819
474009
587961
518536
892401
698368
159820
138298
182254
603210
262950
490472
583739
971249
876348
543104
187699
314227
607598
462836
445038
819239
414616
904757
339204
966913
578075
751725
857059
221351
388087
126461
739899
170945
495109
209191
589703
737867
197145
841514
623684
103417
517089
822718
233264
555814
270256
808264
888779
887647
424793
672560
219148
535342
490412
923583
871076
917896
358752
240258
576186
196941
129848
401342
599753
126244
464972
412806
786372
819801
302084
517125
171850
914367
385138
462255
285051
977489
781019
873336
709849
916451
792991
491172
304458
569065
225808
148765
237568
220814
657964
273602
630309
367960
993603
879331
406625
931526
281866
842296
637673
148431
383935
623788
283020
688654
321338
939726
755682
890540
199784
158834
548773
260312
750010
674624
139049
900690
594798
444845
163590
347175
134954
518547
667631
892285
143949
271164
174588
301356
554878
332179
763814
215324
942670
986676
227069
270936
138470
702938
667867
752940
848594
496856
413912
937301
905335
736458
809773
808915
716097
672915
201837
835856
516591
213463
798928
482626
604727
478408
126473
453494
241297
723338
554758
763122
932603
925447
174825
128352
887892
219912
115717
188393
517864
849683
232448
468076
422793
702741
388114
354394
521644
456619
173752
285155
327429
616455
431848
605696
711458
116480
824083
125443
885750
273468
528254
469563
788247
655821
393325
525579
757233
596078
174375
687287
530321
236524
736407
550649
270767
689734
707237
345712
756900
411308
665218
382285
310648
727130
719370
482531
397036
217282
101103
576620
459069
856834
226575
717750
858091
520644
618544
257439
225751
699651
458516
954219
308642
949167
575165
961038
148631
156782
633408
633643
598237
907074
451072
478363
920592
853012
685022
305049
312467
503895
422488
121058
764145
493154
227534
692948
998178
306155
244908
581919
568220
586769
516191
575922
688518
542851
780760
208719
843473
884378
408404
213910
191111
206443
232562
501597
146344
239352
862229
183265
125165
825692
242149
618301
110308
609090
807923
529020
600621
773834
253007
865476
820359
121486
617664
502827
295614
575569
324854
769449
478089
424177
677087
672729
501185
174973
374719
811114
228954
890156
348950
492635
508365
627915
403873
352962
864338
296474
117700
833920
704083
338845
585677
328777
346119
477456
425747
677273
958762
275136
778007
573629
517454
827468
196613
846721
712298
203041
152662
278564
808081
650505
974039
935151
450422
678214
451570
528756
501978
625724
843839
728267
169442
855202
678586
343027
362808
944333
396468
563932
676559
420892
107982
610075
189863
163406
343478
157509
267570
558914
296956
386668
985637
375189
332017
591806
186441
927591
266487
792281
174885
509109
837380
143324
883232
197557
110172
125006
937516
764289
437476
639388
292938
544089
357225
337130
345544
120695
855506
650876
306472
718336
556098
943119
865151
502733
908745
796802
980826
839656
649350
942402
816103
767106
673884
234027
655208
533600
912785
150534
851552
623341
935629
671067
552874
135066
245944
219923
887336
215322
642412
221040
484559
665543
111362
461378
971454
656470
595078
528198
736475
122515
200158
689907
278462
303589
281301
266262
157076
652861
578423
620183
734529
135925
706907
772522
213008
527697
154659
347185
848426
426214
837389
362684
518625
291154
615318
665686
581758
359503
868022
327933
973469
285663
223200
813118
775552
322704
509863
542495
875654
923686
658660
530228
981845
442396
643289
743835
671104
255370
438039
466299
862212
785112
198925
165486
587532
976048
213360
600072
142336
212293
271633
524224
798035
615671
530700
503720
953643
570273
830243
570357
574371
915672
955799
377238
375192
364076
463357
709146
139778
397833
810198
830280
642434
751958
936275
817787
179440
221095
845805
812927
760577
780569
826004
980039
721005
793360
289313
959590
515804
379275
526944
515299
760883
506299
284333
273873
344150
105958
524115
965413
553159
969268
429645
164886
308845
663132
329716
843790
454318
937520
759478
815477
827479
633791
943088
563137
584653
410230
113383
934488
806333
480920
244355
726169
471265
154692
541014
474282
267580
941365
715245
130620
204951
920858
947353
819848
222117
456900
577848
896571
606888
722351
836032
810193
289497
322485
759954
279542
517177
638107
571682
518406
809090
191186
211025
984740
293441
474077
848884
214517
679384
121381
234504
207175
643033
559508
332727
510026
970943
885923
402924
183241
825376
678828
659765
915944
770103
692362
506706
496225
591278
221311
753204
719762
660774
335042
322450
775382
777890
822977
546945
424748
991528
212204
656842
274016
555196
404621
975092
602936
950919
609531
922735
170412
466755
115539
698296
674459
507351
514201
488384
853124
897896
187394
111218
317270
244391
761482
190272
841051
965052
658012
719223
691818
473142
662853
153131
303563
678544
242452
630432
548709
108665
357413
931202
367974
663278
927359
101185
833224
717670
837886
457664
362911
867566
432898
172555
319565
848250
107752
184949
383138
340097
899993
159586
570685
395710
390011
753683
122926
807904
636984
737403
949752
225518
132398
985721
565160
871808
542321
497377
819660
923197
815003
396128
588878
936221
941071
623822
274980
408558
849873
360316
164354
671333
684504
693608
606744
445245
758373
483393
764677
902815
862681
530923
828058
984846
460726
940410
420366
218427
689823
900617
251058
283698
606090
815970
632449
844821
607484
708453
901755
645149
881201
840423
605017
760577
344693
179555
306028
504408
611403
473905
389541
850697
918495
297904
267366
721417
580525
981438
110539
446037
601336
407368
860108
323133
966379
240838
197632
531192
806764
568315
996771
410465
930018
764302
682862
756066
777703
775057
298605
120390
833846
942997
275310
876188
296478
507469
556728
913366
454420
851753
545832
307543
643167
152436
241783
106443
902628
997803
584577
251575
324748
938290
544210
748246
319245
445969
346446
379762
586899
261699
155749
314513
167769
685571
518466
250270
446528
812230
507092
707001
522458
236281
783733
850782
927822
740846
536986
781497
773938
853245
383702
598673
997050
484694
863067
791742
213842
108325
784453
690803
588880
718856
133001
856531
305890
453472
237211
126082
635116
208871
631638
279680
124453
264885
180934
920825
952122
514397
552067
184158
327084
319839
703857
916718
493682
240481
385232
670137
615350
916708
419274
545955
592131
939900
406428
779465
271572
159003
534388
790705
779587
307315
866435
219508
485454
710064
660378
987590
153299
226556
513172
725125
308556
612081
448564
145248
177124
836763
146932
466091
391043
160426
579026
611534
745820
585372
479539
851528
596117
724017
190652
100835
596337
163947
703799
410622
787631
622827
722001
186756
612710
994467
304267
915330
317869
335165
157862
651567
341632
789806
430120
394352
743345
383900
255170
533745
804067
990234
238522
669808
300978
845860
932895
455109
718552
855213
185727
291530
768163
915564
443339
443872
817763
780351
763062
857466
599244
395180
288947
265355
741216
686524
430602
902741
499304
235082
728474
313111
669719
851087
730190
406988
501564
226357
854178
387863
480793
275495
355882
322772
995413
522555
457228
734508
408064
289068
167153
445459
985285
278971
479142
121237
941147
812943
837203
268304
562082
148331
216937
586893
190217
981243
187125
376905
801519
552039
780136
426920
255731
880647
903649
596729
336409
867782
706508
227624
364588
678356
931623
715212
735297
340099
841232
196698
715632
787954
107881
537784
599721
634081
489879
635408
207317
413573
377554
301177
325684
667596
744252
812616
513599
429934
907000
342398
383483
635165
137370
749700
901946
386786
716929
253689
552345
842374
248919
974993
784919
235434
292028
243288
953750
826927
709255
819258
785892
129744
460278
573709
756620
308670
858898
318658
148130
795918
919573
633201
360800
188019
636552
569184
593336
827209
852638
383688
921149
733639
760426
540349
919590
851084
795731
787115
606007
927732
924298
939802
277036
720506
600612
762781
989594
847701
788225
338080
680336
514338
918750
805386
363243
190401
657383
226251
395633
933472
876293
943798
112488
894369
346995
971753
482569
444418
195155
201407
841776
690408
596268
446201
698773
637107
552562
315870
618472
509865
843668
704441
367014
646157
133146
399875
477068
975836
247064
681525
490545
290394
833337
348511
335194
896505
477750
168004
627673
655152
814445
841534
681023
819705
425606
973637
109406
588004
989642
590270
113540
661991
261035
842461
440018
842529
426380
643054
925456
325126
952631
541529
319316
156214
619677
613954
819808
621555
912743
973711
552045
640027
935602
590341
827177
533676
816633
534345
967598
475463
308145
159405
286865
539699
632840
148719
299111
513716
784777
824663
107944
615778
187266
483751
848992
107095
270000
533794
776774
212483
190760
510743
176813
358734
713019
337360
208147
405551
629595
361827
276459
196419
907852
418150
648977
978670
606739
787820
801990
558457
190134
281911
502617
723657
111430
536872
470035
307050
844900
996034
870770
603732
967274
536996
600758
943269
559126
463732
965974
142780
979408
992611
560350
639809
511511
864924
839885
540334
755854
659584
555839
380022
924032
515558
857237
825703
512117
695802
977940
645242
259068
252674
170070
192970
964311
944807
548996
593614
452441
614606
843220
413782
352390
675284
494725
292231
535003
903666
242434
667072
839417
250463
506710
366520
230136
170774
621582
811472
416767
722683
864014
416711
849215
740292
736621
684457
280143
563887
657717
746517
143491
158728
428025
575349
735618
631190
403278
597317
300521
908323
476353
534612
795143
438487
255458
652518
122660
719252
624244
197747
228787
340729
923192
584247
910521
490772
712482
322486
182850
838960
783534
136729
742834
322675
658831
103724
221415
667552
834074
422901
415133
591862
310618
670013
510334
256890
580797
312917
619010
136745
972915
380875
686745
540056
822494
920017
335263
987723
889487
116357
807203
902667
812693
733572
176252
492163
788469
348407
405883
822795
524272
653786
533121
794652
185083
328390
460706
717180
125514
242497
719863
604516
631009
610558
299672
154736
699383
418921
356844
666078
198111
185546
959273
162169
443145
621929
966967
380687
693256
190101
378925
927332
669586
726234
387660
539904
745420
341784
747807
122368
241860
783762
688422
762846
568003
765860
823316
325023
904927
727448
131306
620937
943633
669028
540060
691554
580521
533971
473324
249022
491923
924703
645399
858658
805929
640216
162789
392297
267966
866457
592540
590841
780278
486504
750294
969678
312120
567783
929660
889304
994657
446445
243880
668026
338457
194190
605000
301130
842120
354389
938081
654995
148339
599083
657017
839624
120986
458519
637759
910452
809398
507463
515299
706944
780805
307026
759706
404584
109963
355740
166502
829736
786488
752532
128280
204887
661860
661678
664038
546761
500046
558901
451663
580266
216408
493145
436103
400519
510618
897933
181017
209042
315863
832148
314389
653858
657310
800307
689121
937892
898213
194379
367058
809843
378548
748856
362606
601671
105786
124741
268837
599735
955211
804004
104598
240516
309436
503985
790951
437184
933545
802298
952181
230133
116635
621611
270992
806650
265481
925431
564932
306155
599043
275487
678072
607550
837542
440760
102429
404268
402630
568234
208725
254054
176902
714957
270182
115398
365766
457739
129242
479395
982551
520002
588693
822303
319800
541824
794953
300045
734656
123914
255519
290528
327722
127660
209451
523304
623635
244372
351194
963440
566291
257716
935213
699781
860051
331371
224791
629393
154408
397728
341293
196798
591233
323419
829135
409734
971606
527664
961532
105036
916352
210321
680156
187738
767849
726141
331240
972699
132320
575772
266149
603533
502388
954102
133309
663861
790346
936048
417007
690408
227242
567174
101262
596249
932973
247096
644518
900253
422808
960890
735008
578102
733196
729505
336708
134063
968056
711723
557151
663304
538862
561668
353002
414776
753064
415701
872131
752611
509855
915041
486453
541291
840542
567230
597889
152409
160537
284159
695215
380825
780488
816220
191406
943584
885290
787032
787875
600815
484595
920552
721246
132859
123815
965967
519802
564317
473544
384477
743341
555514
659268
821115
930602
521206
688425
677918
169264
170019
490517
634606
772137
526539
843481
341537
126885
842955
401191
252923
371052
750500
500711
552327
874546
414722
650033
542058
929849
682320
592709
678315
632524
607774
491985
818671
368495
864461
292162
203419
359703
362009
664677
254511
177521
354918
329717
353028
600835
420234
541857
285661
275489
750019
669727
712458
583626
354055
806794
543701
205379
448774
308195
814998
896623
952477
158335
487720
353590
424710
245874
137475
138858
729786
134690
191457
398547
817752
661729
369034
632974
952002
337505
372658
278036
185095
335248
241897
780988
648297
539746
872423
982862
791283
649055
672058
821195
291392
592266
314175
361194
671470
228464
292351
525030
482953
309755
660888
637320
318146
952466
845131
778297
883194
880787
132513
735095
204429
524245
249915
969652
916986
139514
800048
210411
424914
159149
218818
979887
110798
402555
189124
644281
243626
166999
600658
382301
935624
297176
628130
202134
222688
225111
877225
276630
616491
995479
323158
276215
143277
919299
683947
713546
690226
721147
903158
574308
715389
160474
630099
789012
899748
629482
790578
496667
294587
114860
539358
202450
288413
141290
868017
661038
745208
233939
485373
906286
804969
659602
276065
286025
911410
252366
746393
437102
216504
345164
267749
278574
664919
849308
985689
278151
672057
608322
351835
447310
185655
577930
631900
702732
195571
798590
372898
618443
253368
837431
173920
282526
471742
722368
175973
357453
707563
543764
244129
935280
639427
452371
886251
774044
324654
432738
970196
133817
598791
527129
583817
366933
737794
135244
832184
568201
191265
772996
897865
859818
417003
921704
955298
998693
647369
268467
810138
501308
896395
856168
822342
943107
905165
479690
539145
584569
971604
853552
919956
903397
918549
879057
815555
529101
920347
916056
680353
307243
191254
259693
265217
589510
783561
136661
500463
926317
230538
768141
783799
805227
277910
185173
828475
564898
839958
295263
881832
217486
198019
745673
514943
236782
630613
258081
557082
477005
683079
752288
612058
756603
647346
335150
387779
368948
818516
479981
743608
827863
254821
713178
968781
904181
368340
841516
198007
839166
713267
886162
253227
293200
579583
214794
585293
781346
834313
141303
390876
611567
725552
569254
771290
685209
397698
405282
704820
183628
962888
468664
875757
115679
225031
116452
459727
163379
792974
553931
245611
556960
382984
869475
247462
626156
540244
376485
401466
151355
403308
760050
829735
398477
945192
795184
772512
199095
913649
293777
173737
316201
790457
940233
451711
294415
473055
557043
195468
241258
790867
908309
325673
885484
434755
459453
697955
640593
422132
232963
882303
874728
158841
658154
211181
975324
202417
318594
629220
261036
778690
813170
613097
870106
292362
269573
511007
273323
889429
567980
672854
650456
646573
727732
766343
481060
274560
180221
894873
329624
523567
523608
974133
956061
334186
558644
855158
100052
861497
746168
157777
129294
873601
371461
922295
821536
549254
875498
151219
574199
569056
660030
825141
650734
230383
188359
989973
217422
712535
255889
501580
927767
392219
363575
912945
895625
817767
845247
930699
105617
735101
657213
955539
313963
140396
333569
807173
657858
901400
514566
688221
333798
772976
461257
543562
590867
344200
580840
629208
373675
702670
202010
763414
451571
878218
294220
846393
767642
837318
914904
702372
578605
702483
139263
504254
259982
541319
936486
536463
477043
191536
410010
349351
181505
974600
646179
920375
400544
281335
257834
981164
655773
458430
417131
226489
183296
246839
202168
481792
386521
219500
142516
993637
269124
873872
719969
143271
195663
987956
157338
947128
936234
634888
713289
679319
893247
516892
803836
590825
400156
602702
842772
842990
341967
812421
921786
326243
875236
423210
367586
122499
734654
642593
181516
733285
114514
261003
896129
423384
305840
498029
386731
756536
291880
387345
810601
121128
162292
694697
984203
891518
696410
707371
796896
878945
978906
111286
299868
660527
453765
951749
353979
978843
711252
889273
701184
581365
393306
981894
944928
344956
114423
234640
101821
863362
153474
415708
964592
995065
761755
465754
718233
141073
826109
420562
993908
884438
460365
595584
242233
916268
471490
787025
934545
774802
886541
319171
989780
286243
829733
433804
138278
955675
769276
519340
487834
842180
975340
880442
167418
696783
604934
384016
759341
618381
328706
610671
950709
661136
376964
223476
657833
581959
195938
713975
419439
251708
992845
424273
201154
213164
526902
241124
503485
864146
701855
364588
501553
745619
976016
963070
801251
624833
613760
714761
195793
172067
715939
257875
293425
751913
748940
456371
393548
888372
340013
523082
335926
422413
955792
832633
662636
757221
735219
567607
833977
475033
355625
522761
956256
616645
961019
776196
958033
621681
438071
299576
648759
832910
160349
771073
547891
740942
949477
664544
188099
250241
340282
166839
985508
597358
496735
881099
735197
879282
658735
617503
557808
548161
498303
920651
919525
668232
409060
804733
131418
518352
958705
332396
920850
612674
659401
740607
490161
535370
277555
538922
725738
140948
663474
536772
910877
340529
729196
332309
794216
368648
929136
568259
537560
569110
819354
811841
535304
243713
888749
821430
698691
909633
917644
651039
708065
419067
540474
826355
288545
439610
163344
897797
178299
414662
343078
400260
278744
220048
863240
307894
312949
413527
353300
271428
293660
350021
669145
395149
822363
434644
531167
358632
938019
359134
711416
110479
931210
134014
976641
450512
170080
120381
274661
238232
966714
934353
759112
974158
509048
680968
500460
848405
303259
494550
155586
329395
885385
514191
174311
857116
409661
823017
616404
791599
199856
283355
764235
773029
745901
737020
925607
470348
705188
572555
340482
588868
446059
976539
951010
619464
507393
578462
449418
496433
277061
290601
331638
246534
427682
299914
501289
684436
918857
164327
233354
605234
578679
570407
483290
157664
555878
741043
920368
130675
737490
978182
322906
943688
689111
818852
563959
563251
611280
543880
984758
883492
744094
986750
973659
932076
366305
489391
770885
189784
833866
324111
317744
246323
485668
706889
690406
419266
407028
990162
446743
205983
810270
988213
685706
291798
815495
358866
545467
226238
985199
403848
923929
447624
417587
567825
226163
480820
824482
295648
167197
470519
661676
292102
403317
756576
189465
579374
185028
576779
565392
115326
673567
107304
507695
554214
337459
230163
799055
273213
193778
291826
781739
419939
634015
833424
315330
900364
265376
400746
276548
842162
970921
398914
231483
498721
417009
495288
644569
328099
123031
115399
247018
467448
546541
641707
294139
863457
353644
749709
928937
351470
426976
245374
383004
212152
416831
685973
833379
692692
335752
929702
844978
680760
235015
280429
762251
117074
234606
465402
456887
724171
473088
789708
832731
226841
477665
938457
690595
738683
463504
399039
690417
149563
700238
100541
288000
432599
421294
932114
248949
220949
502973
853690
819754
417651
367999
823120
120630
878670
728377
495507
205526
149298
519702
220372
507062
892030
704749
243194
884643
639856
915052
729636
872661
120340
572772
650036
790798
328432
942696
768758
915208
242735
625049
251430
387492
688311
982268
258052
169044
590772
541543
727315
700011
871369
177739
468853
840061
676817
259153
456489
626059
170940
484743
190818
888195
817394
712785
167947
374834
746334
785342
941142
973201
975426
449903
724241
415826
174485
385601
595760
756118
229577
463865
831370
461738
125356
950798
692844
459238
478388
556016
313875
265241
515586
630297
151878
179924
477728
966430
880290
249844
683442
387387
976778
417156
820526
144413
136664
476465
120588
884047
688899
473615
671263
307610
778039
263009
939676
336279
908106
807143
817775
556457
872093
463872
767910
222185
438447
105943
131984
218551
890215
310801
987070
428633
471398
471169
986616
817850
236145
134073
627788
937348
226883
112805
242693
884170
631403
516502
931418
253288
361347
772034
600127
219126
992077
310922
383194
553718
638042
647712
274228
531336
999944
823212
593407
785390
413337
928753
605700
826402
640162
215354
497447
991658
413638
142779
831073
961403
413075
445136
321161
216378
941457
187607
881486
533375
939361
863566
929358
444910
863860
304043
461732
381170
542807
568753
389157
555187
381505
254285
325299
291076
504664
929052
630168
102198
157704
673735
888132
605535
628480
853926
712006
528189
104878
308222
628797
941340
484259
937976
336245
945868
727105
797434
131935
994822
445621
266145
194291
339294
666500
258922
792643
847917
510093
287719
271456
520259
128935
416496
606445
363865
252866
858576
697014
865325
286287
623988
882864
443959
864801
767034
692414
150038
271280
863988
130943
488321
216797
941288
192932
495034
952362
632449
945685
597970
356980
539172
830374
802081
910803
801874
787509
107676
156141
671141
792189
403453
886538
244238
249627
129860
897159
399463
282460
187937
590992
865947
120235
792693
526495
347782
783011
952665
333859
497826
447827
476308
865981
550538
535434
415286
698147
428816
978130
866001
444417
873811
837490
544002
475437
935209
862103
903879
571427
592829
450785
764544
811853
925907
911885
147132
337855
741888
719374
574075
700408
638591
804750
824917
675537
974946
310248
575246
446302
867675
783313
763029
836641
455616
663455
885218
369206
626719
668927
701496
425148
418485
377619
560696
131307
251129
562248
155533
727938
353215
589069
719733
188243
102271
773540
478967
307549
136774
672231
756907
181777
903235
291153
501297
949277
494130
617067
401706
403499
342652
667206
815016
594989
228855
197519
614646
914302
825672
743987
447744
646052
510469
728477
162000
546745
497967
436148
268576
551274
902201
256862
573946
302688
328586
278070
266361
126838
208475
384448
403547
634102
775635
594706
952530
772752
725028
703018
920874
338774
716735
584043
806734
473406
178574
197726
802957
880901
508483
845625
436300
175174
431388
738545
314616
363360
386363
685269
748380
671988
746520
401801
172680
895189
316574
344420
995074
139208
237603
352070
851802
921391
690990
101066
296865
692332
844113
622451
362375
622193
643578
378071
110209
419015
915885
271123
288398
808332
620524
613065
600461
203684
147910
743047
476551
900340
897838
307703
124105
151473
877105
604218
463801
796425
162006
608506
855641
576939
220406
223902
663137
855175
233494
174861
167958
120707
250258
884079
669909
627550
776391
480236
568838
993962
600460
974254
395064
663240
938096
849960
400446
518817
271904
885585
297103
384709
506978
605309
838695
504974
250034
313224
668965
261886
477340
888353
467706
802288
736188
115484
410145
543161
725340
271630
441486
477967
319798
436388
166245
585110
430199
972668
390489
468061
154601
381800
838112
193362
653764
895173
259895
322762
517867
275815
384457
320409
268417
678908
611344
183097
126773
692796
974051
269353
425806
154254
769206
342314
929552
913374
927049
618945
441799
937788
315693
376802
991446
388010
539521
661268
311544
873828
189606
942412
659389
741371
457669
538898
724492
683079
751121
932521
787157
378005
285204
700224
240839
323815
146403
317238
225625
697664
275165
277549
371559
901187
884554
873359
837813
778898
831492
669450
684266
552479
693848
188681
875051
262260
280630
915844
374604
851018
693395
112436
961896
873013
458180
702627
660258
265349
680326
197976
735078
770564
917404
719867
585660
124788
988286
470855
136730
681101
818269
376544
633878
243005
138225
680821
222104
885193
279563
328174
384084
144809
612955
392254
269992
952096
905364
164990
759228
493679
713636
614469
112523
625595
748115
177761
952401
267589
883455
197944
849134
208543
639488
770370
261115
451469
800322
410986
685141
866646
132294
332223
148552
875324
274103
341039
280607
941336
126667
977689
513153
581873
774632
219624
482456
981232
292824
957206
675529
504871
644825
763364
601720
473477
307856
313283
269188
434125
560813
553390
895857
873828
442842
620012
633771
509372
167235
134035
939592
532152
994882
642509
583969
371464
449480
723630
842839
617590
827016
882584
482191
409301
957929
637429
181693
196589
835216
993426
667450
250720
637584
253390
618656
878471
186247
627166
104354
933645
408507
464672
314283
948671
390335
790357
795508
522072
948703
829519
402431
834184
494014
121967
690183
178806
352042
988862
510011
151458
133688
859915
290675
986783
235301
206777
508786
590762
326966
593914
642472
577293
657406
835407
302432
458387
775894
560100
864428
798499
867031
750757
365774
841860
938150
705331
251832
914771
488568
793382
388152
310122
394802
368667
462304
881406
802504
267874
445857
655511
934654
567728
628894
286303
200950
847753
256663
159036
863503
299819
334733
559470
611263
403644
238464
947722
743446
933522
768255
473192
112870
376343
288302
970862
659258
986681
116530
218163
959875
250486
953025
486124
542208
876902
969178
738547
203712
754032
349517
590153
126160
119710
105776
801847
983899
175427
949890
715982
122062
694772
983346
139250
815268
905199
922505
253848
752289
554462
638419
539627
526968
371604
142623
636824
656353
140547
428769
603612
419204
513781
265785
265590
989802
511808
642225
701131
182503
542253
937726
162696
763307
255769
636947
749390
726173
826959
606315
744264
685234
594294
238515
181910
802417
926885
409457
161677
746509
738299
631449
469319
223709
742207
292988
217880
207255
417464
841254
981118
844274
677230
792664
697518
886549
626023
150994
342883
494947
187637
934692
620976
514810
662088
416493
557398
435623
798827
471609
647630
384811
820261
834223
816424
132015
903700
668836
158855
730362
944828
161274
532601
583576
120959
411366
609151
858199
288095
294379
392813
834443
260052
198800
243063
287177
956159
388653
114679
115668
613769
858573
472744
781215
478899
275762
799372
370628
978792
657713
668023
792720
854174
610554
514684
475956
869263
980534
501523
997673
421803
183268
498521
703130
636708
753938
341156
273486
620583
692870
203897
616483
111729
126764
298360
210115
621428
948280
939492
189444
164079
137029
638940
170481
922376
600023
872013
252765
377109
675454
729013
785494
221057
674593
342558
903748
943399
583505
956850
741025
928873
848131
215434
890854
264398
200738
338031
190814
872971
890177
768721
602541
100187
305614
682654
514167
610397
454742
405800
737681
625094
733274
485265
586739
635080
994854
291177
824332
756356
241821
832588
101124
983098
640314
454404
996385
837530
637128
519270
142436
238721
765140
761601
865741
316978
611958
314834
774556
544100
377694
424307
408762
632192
287360
639840
948941
880058
515300
944300
969654
549314
159390
919396
687581
554994
736884
352300
888663
785077
833725
574834
173338
505312
306441
956183
742164
168789
398178
778394
305188
969891
744075
614801
885923
815659
202782
412262
481839
403627
237854
660719
547004
855501
263703
501376
249948
177691
791611
526150
644159
971759
455494
353694
249412
355940
497479
144119
806910
134555
934681
416460
542868
451301
898310
339782
746467
326414
450974
649653
682585
445147
215930
489673
164995
352425
586357
309119
727443
453971
426905
930337
657631
538934
660903
688714
485842
794442
911454
864093
642871
556260
458857
973137
767433
565984
775941
890672
699852
139511
839991
414353
929219
652885
342934
922989
134135
874757
677263
695951
661897
988137
494799
399201
258790
170956
306313
524194
105552
279128
326358
806818
211579
986040
530128
455376
837271
785008
124849
985681
389290
770168
134593
383904
623234
958161
236448
983717
499511
361493
372245
816000
606365
653114
638438
562211
504414
716621
104242
142766
239453
267734
474731
724856
283466
774008
130535
479631
361583
590236
503527
818017
502861
159635
712697
193705
280771
902779
281457
114112
589994
843851
340162
818988
628644
481003
849098
823013
878455
723283
360907
102634
808546
417729
261220
134071
853708
373499
748252
330535
993627
358825
279652
284323
844827
967978
264485
936717
402297
738900
917472
886539
143755
933789
166494
950721
642070
685201
835186
810933
553146
966311
832455
915690
503043
482466
246291
847673
958653
329438
934679
317142
488496
508252
753471
364470
665965
373496
261001
507612
114788
418815
579467
115858
363535
806361
237628
494076
200933
155072
900835
883267
174923
464010
531769
344176
411997
635193
874706
713925
318188
448848
527917
430090
918175
248659
173046
395354
109750
706554
840973
379162
136344
793304
872282
630843
674676
591945
142099
362055
655505
329350
475045
228674
701502
145987
699708
300067
485126
692406
776283
509316
623722
561913
388939
106013
860963
392522
521847
802619
750372
158330
533885
166162
583816
600466
915695
712033
712468
606169
378181
519008
388301
639368
160330
182951
174652
336708
817676
143857
330155
279931
783610
159064
283698
175624
808313
890046
148070
538604
594214
966831
365122
481474
560017
220650
245181
462561
685035
796169
856123
260814
360462
699268
491824
833139
470740
824175
436905
930402
721996
285875
854734
730292
203736
856228
409389
603030
408910
215426
723966
473459
902530
353181
506614
180073
957446
751613
770895
413351
590642
319823
931684
853112
425771
349229
389291
733167
534643
897429
799847
185976
156649
942815
746250
790053
341366
603451
695450
221768
720374
246628
759534
199457
806812
620370
758179
369024
612541
500567
596808
105277
160194
478574
340505
915378
480646
265709
929525
882840
996385
431217
747010
530773
206785
914662
750200
762908
251057
707612
869054
661296
105244
550168
201578
375559
253657
331228
526568
777753
593347
524718
273215
775425
927657
716630
339241
395846
300665
926170
816576
814776
853105
205361
919442
410869
226176
171210
326656
542600
824973
690132
240147
798430
915084
499672
350157
482113
457870
191469
705150
309488
673828
488603
528234
798127
427546
683240
791293
338949
668266
718096
674393
306942
645800
493455
244576
810296
928456
939873
297355
196927
355088
842200
640148
915554
150596
998054
329597
234760
146619
163651
645484
602736
311347
364120
476829
119477
272310
633955
807456
909940
220218
567333
637789
267463
410140
257001
852462
935687
102255
626374
879964
674327
565511
298558
444471
931893
573767
224042
880720
327205
529400
906107
373484
459908
535989
867101
993585
988575
415207
525785
704743
677069
964280
115275
671715
611315
215996
559350
115512
916878
816929
560351
129709
202263
289446
393458
610700
553841
815800
480391
917080
719527
273791
414057
954955
845155
644801
244112
870322
764340
273378
455411
147302
765607
167750
526650
623705
591019
879828
677496
517931
430559
988533
218339
738395
255516
516980
375599
729421
941401
475012
661682
936475
585712
879147
973996
765648
394933
178438
235602
781943
400656
481721
200600
754312
561126
686434
343876
294253
773689
601046
380752
574660
199777
626670
242812
504967
177909
394835
984319
132647
685085
341450
141782
923438
332925
934613
529462
610927
917053
841813
494420
933615
781913
188911
837721
447499
111057
940001
988071
536085
779079
672172
614759
716775
112324
781050
691203
422690
682983
651001
963071
361438
850926
192827
891894
202591
554144
501987
345410
903333
980525
900653
782682
936591
765543
139675
549511
415312
715349
138505
986149
700627
706494
883747
863349
301467
681213
176283
637524
440011
786007
737622
518413
913429
450669
724410
489265
891727
972928
442780
968707
357876
622957
125472
948677
778081
486933
168559
980861
606488
675148
183301
960314
581741
521828
159423
483422
732732
556333
710067
622591
354002
965874
721475
225520
645726
917317
909466
532271
887362
553481
678156
929456
108186
800923
347134
862655
789599
888035
821325
260978
335481
224679
400972
712618
422912
896303
762908
142465
834287
808117
899702
765021
553211
127523
103823
535856
498905
174026
421230
914986
947561
600427
750039
124786
794330
564901
716255
676707
440047
421204
390987
568920
680416
120575
950361
293061
269767
479589
254866
534978
685470
370569
120067
461965
873287
771259
587691
344801
892401
406548
163053
908569
708989
227913
328116
110414
129197
211105
951565
594698
281197
753035
182380
792501
800642
978307
436866
675112
794402
618126
986062
284157
660535
193509
730492
918236
615562
673073
834758
412875
114638
958623
169522
146667
744822
653381
669364
975648
591965
510119
268406
360332
855830
515183
127928
753737
879999
363083
923870
347880
767572
329977
924450
788577
966116
434318
321427
697548
748496
259028
862056
851641
631889
326625
450452
884381
938211
693146
963271
351973
854607
753653
963498
410994
655284
587162
428625
573919
663465
186671
261492
620078
382841
787774
807413
789580
887167
158275
268465
890175
792154
686426
342110
113986
378826
196453
384895
833891
693152
119882
969519
919032
485559
118336
862819
730697
341619
456886
204587
534905
713955
133334
725304
754014
112640
783418
771990
414298
777844
390328
284268
629181
535218
767096
516777
148254
366686
814521
772237
779569
702189
155787
583662
336191
229348
773753
117365
889470
463668
479709
720144
655672
759852
338076
639773
385231
734504
195887
460672
962424
648165
518864
310538
978845
143155
562629
853552
628293
750625
397352
692743
755598
557502
644554
885928
663504
474966
378875
357458
213585
211832
721033
275411
213831
852700
699021
226948
709022
222527
931715
842488
626971
103684
412920
700074
781280
983275
849166
409295
705972
446589
937040
946568
521905
979901
365355
907948
188650
669302
987950
524213
200492
704172
160873
395907
714528
639615
472126
811177
584763
670967
245740
544794
464549
898189
134004
243622
402084
428251
295286
356065
572916
634612
331139
723312
433261
646980
704919
598496
496157
615787
871209
461620
585192
812386
625123
200240
699029
769193
279712
950092
942746
457191
408944
783762
973035
321875
993639
367682
395624
780916
530847
206412
759212
685583
335061
166317
989101
265736
459724
627475
264870
345890
171829
457356
375741
801870
933910
758619
284502
368974
928083
752599
194634
843526
377203
144623
969762
178803
179712
757920
844302
622697
925593
697533
812988
555692
755539
134366
491577
401997
208500
535400
674430
190162
331013
564274
906804
277993
283810
712157
601386
140753
339704
284359
850252
939976
405512
102055
586353
128126
479980
344514
341120
462486
713454
100227
302771
437370
193449
324956
118978
857091
234982
412297
470335
619766
184687
590485
163082
452402
396617
418636
385013
628116
387649
540602
562482
884407
781265
277339
114388
211080
798776
695803
498889
786131
321458
588288
349355
137836
305924
929382
993868
984669
190808
204817
144590
254545
572896
884405
628183
732446
919921
911044
880235
122088
767042
929521
448259
698873
116626
764398
745817
522149
368513
312637
900779
961637
707215
121806
122434
762584
918351
911557
517966
668597
178258
921827
946889
394538
535819
820182
500002
552743
320159
476556
657882
579750
516637
943960
524430
954209
205506
444170
163783
104029
170595
265310
143432
861234
721270
272722
739370
157337
423360
639661
772134
432312
448605
821215
753692
779404
813599
676550
590946
569991
921463
314993
913349
947854
437360
113375
900717
283776
181424
158657
812501
475091
116085
263028
458793
563475
843490
356987
101552
340212
182813
828550
502330
920861
878833
119082
422430
758167
307743
514241
118773
575300
741844
827584
975773
670131
347921
777759
871354
911250
285496
365839
905194
683897
586900
878916
732155
182200
751848
467493
717407
985801
683256
870351
219096
757234
135236
254286
259888
696646
916292
581839
510663
306577
997122
117448
620476
663579
991606
616345
902213
282503
535310
583463
935752
949245
266579
752789
416999
384768
452680
999209
850665
626176
982651
532229
507397
258916
921770
736608
245434
936559
898571
649120
909827
670876
931535
709063
944971
827958
420968
607129
733074
123893
814829
923297
990685
328558
459928
718911
605375
616560
944269
205757
299220
216786
539341
180565
630527
326078
610686
239982
731276
272652
350056
477479
496839
766526
966464
604368
697680
790455
333460
323458
897890
159238
888794
271916
745277
539379
291294
692242
720422
205855
125951
439343
426380
594782
624077
944932
548351
849227
243654
171426
292515
920946
167106
507053
492546
185058
800734
140335
772458
866235
199613
316436
384638
717037
854474
188092
951634
718333
796927
299911
773383
306966
794387
502908
925490
508378
280233
126759
304113
300347
656389
298238
417685
699208
335148
562713
452878
301199
940717
896931
425301
945060
336997
886377
764882
833238
383828
485019
690066
916633
817066
781212
225256
856136
807128
853151
787592
642284
712424
600749
905818
929932
647318
789096
578581
787777
132932
757798
113980
809409
629889
546880
891926
265701
132215
226271
985011
351012
280711
233371
428038
421237
929125
135628
696637
309554
500607
618261
948672
980916
159748
182783
543497
278651
987586
416480
631066
893415
623983
766051
228060
786966
534748
277933
478168
575164
368085
293422
764420
998077
642322
735823
324673
192095
544278
948747
810444
851420
623184
458330
636657
709936
572822
407811
880958
270590
606728
449774
476403
399120
822386
188620
181810
903154
409872
549518
702742
814620
773940
298317
947186
571701
605681
408232
297275
101144
714140
119043
476205
292821
126181
932586
836995
180991
262680
651832
112688
229576
559458
493043
463573
104230
910310
166458
712987
770040
526656
564985
107887
820860
291206
743310
396701
642397
928056
977079
475777
290377
643816
575368
434277
242041
869850
412060
928870
759043
800275
103617
275935
955823
817933
424985
970778
202926
469403
877434
954854
524243
716487
536908
763201
811177
448760
418270
445485
489376
800387
351329
369109
927448
730691
392101
197684
238487
960325
298387
612628
124259
301484
984977
634879
116666
526426
862518
945070
581537
508870
849740
601327
434929
694580
620014
116574
932006
489890
873300
642481
632534
743989
182991
129666
287613
995147
270409
922112
941167
368573
803553
197567
300194
503275
794268
240859
249496
450406
528873
386708
369043
671255
262522
637228
331087
859122
977517
464253
404608
711604
992455
133276
273953
696422
927320
701450
797594
327065
161682
490409
638662
789365
733955
581551
799321
235828
963417
914967
451113
832223
636720
219380
709811
837252
186436
173426
986174
605589
256567
227401
425164
905245
204700
415675
653897
572844
358454
769312
391009
499093
418566
380997
321341
796364
859248
523353
340145
128546
664842
376453
779466
215753
526177
476717
787220
479675
846429
379903
320674
638661
213281
108765
197077
488507
589000
512599
423326
950943
203157
425257
641966
629845
400930
213700
327569
880377
774055
747307
532571
521634
685845
134115
415572
747827
148729
988276
542458
337289
675401
812027
967801
759795
790262
447597
649199
632689
701575
718622
313259
525434
716131
633732
977673
350286
774177
617277
213992
334646
479833
982199
338742
583028
703345
356632
293954
821325
658245
461989
523725
494103
369836
114998
501051
274544
614252
214059
899853
584023
781943
122935
953131
820339
322744
520640
968377
874262
298806
848472
213983
991547
317207
406585
923633
611631
379381
328615
825218
326018
197014
520668
602448
928828
206716
713946
896325
567865
536517
427653
352040
633142
277193
111649
788854
370824
360359
746770
472036
632310
237454
924411
577253
419086
493814
234378
708074
424789
998515
886559
534582
652531
922892
125800
339262
277215
312269
371662
134701
614453
421715
286071
619208
785107
345129
941803
901030
312459
693573
782342
453231
227898
941948
825589
431088
276010
133181
442321
928806
519706
629372
202586
563532
897754
930110
564356
324535
692796
576574
736854
636704
189566
252193
755900
492118
958464
368303
576988
783073
956447
734339
619910
804220
943216
218940
406396
297091
129863
534318
684689
423848
527404
634979
770716
387317
623594
549445
399686
541689
201064
401905
152039
572422
141713
233135
904196
187247
115024
697121
718825
422259
742879
563941
267978
838400
524950
314690
161575
362790
305450
480626
533628
952885
753188
459626
629405
464442
495721
735995
796107
449098
591262
449804
529528
684636
380772
211454
505365
499880
483255
341919
895429
711438
497372
911641
754212
561823
916308
203519
337945
407070
620480
233044
363241
259663
301202
454138
703255
301774
327233
485986
580400
616954
423956
441398
469493
749418
947861
324352
463235
847601
884150
865349
175758
779108
931315
777633
414082
449049
929788
693092
663264
695928
507451
153203
931764
904578
881257
980423
478863
837749
347965
254151
565456
746204
914617
344323
739290
959040
270099
903444
447885
738732
166464
321037
262412
795938
722454
137759
389533
793941
381146
517926
295663
225166
996754
759503
625935
939850
469258
466862
376737
282482
438201
265545
263643
283024
604681
779235
820629
893520
442588
936065
406296
495824
547886
664397
394839
991140
467019
280581
122295
541832
503638
362487
625780
760889
534534
436211
900922
125536
771333
696236
937757
478688
639155
614671
730165
389415
626753
995347
233266
571946
811716
298847
168388
884817
319154
685313
327376
814319
546447
401837
584276
764659
280879
359976
559827
676754
988352
526744
673296
347539
330878
209054
875467
679899
857585
701220
313522
554559
936887
799820
825207
294337
836496
683060
949854
600182
395124
420788
819301
552205
639530
666444
489695
578536
553660
483447
793385
925657
595693
694201
300919
939515
656065
540514
386494
712909
720544
108590
769743
746983
539777
290270
673080
979674
678014
868260
753572
732387
519908
443760
256669
801656
332243
455820
563587
239233
738464
334575
295210
599173
594396
590767
251697
565991
759335
562288
180195
616808
852171
484405
231773
608596
325442
635179
980310
387727
828877
139814
741919
832099
897171
716927
191648
527328
548443
409634
320404
814371
626100
716160
489731
451911
297209
321429
247659
994295
207997
948400
277244
614182
503196
367597
915607
471676
652401
746063
441009
690193
396483
931791
257313
740338
531062
905452
662005
232165
249968
199491
251188
772117
860294
195006
744123
510354
321723
643917
200405
600518
583134
329715
259413
936850
420242
254124
794354
668029
725354
421005
720823
594240
384450
665461
277673
709199
696169
289168
410300
527239
993388
769406
732556
419443
432013
527537
549929
460205
343094
807840
114322
190108
370505
812468
965703
693580
152180
808791
403654
215357
968211
535983
756900
579212
900543
827881
783811
269299
956480
149818
148299
669828
844635
518081
750241
390194
486505
291034
171062
347254
679878
993168
636673
866059
193726
500174
253697
288476
923582
676545
850407
207781
850553
139784
712049
409950
630107
874607
838997
642636
104716
623149
503680
871312
904246
304739
334839
909262
446128
374955
214471
296216
908153
854783
231918
535900
370170
590806
673197
110939
975608
117465
907047
190668
672416
586106
888660
261365
510905
588213
558795
668049
404090
306768
993402
911029
967653
497268
105331
208852
655307
955270
587825
350809
218687
590234
198437
624995
191453
667616
229251
423991
785055
211983
769397
598233
998419
536807
677802
256666
926979
894919
792865
703780
438016
329147
589496
111276
739193
625345
414933
945492
552706
707552
758815
769788
497863
892791
184933
726246
105499
891430
626605
960649
709563
812641
876124
346150
652232
827066
275715
364025
915814
470003
646865
225008
818423
137083
598107
894899
972246
248647
860302
399474
815659
533800
653930
205022
704764
911870
285943
544491
501162
397927
941697
871965
481756
206653
240570
203758
554429
393586
833768
707677
686308
453899
749858
684785
192409
311729
851065
118795
165207
165313
562118
144192
428191
816724
557740
484760
557810
361180
711112
953004
232326
917056
416218
297897
556934
955360
485131
317277
975849
222175
333355
321421
970950
806402
920238
389624
397162
335231
313191
974341
811732
222005
396169
788243
121558
102903
842905
615628
355370
774686
614394
328089
407285
913053
593592
780496
268729
428602
233734
273531
990422
931906
247763
969909
386132
804821
419502
958901
939997
738129
175696
813300
310696
883151
218783
586785
530184
870536
834034
510923
238464
825724
636899
299372
202813
875394
984745
740757
383404
715986
686956
216613
206052
365428
103322
833276
497864
689106
440832
440530
248615
421689
510510
865917
748455
245765
774419
319859
167701
240284
249060
614222
616182
338656
880020
331719
570347
110064
277841
832749
955322
405880
639873
281342
140901
772712
411287
991996
557105
460479
277328
465214
903631
291808
986838
367557
892779
146530
984479
392177
891675
318230
966083
674114
716832
611220
385871
317820
138053
153563
669567
171138
621269
470298
810593
694259
160153
633938
149883
116129
163241
571939
689540
982542
765617
657830
627527
913895
960065
749058
221046
335270
569283
178661
970460
951946
760576
590638
437309
686558
119977
866275
513900
183317
582438
584710
623297
273575
577960
665464
314402
470718
367798
637953
722572
602790
737589
708102
631543
760386
569007
440428
791762
318936
706431
563151
627954
610984
742405
800946
843837
843897
179131
375029
580662
821205
549197
313879
889070
471562
637668
954944
938187
701584
411393
604991
388139
880365
254810
757248
540968
458613
103354
838022
973511
170134
972766
171698
174858
686596
837872
809472
391153
739664
468354
697778
238062
667063
608171
529507
945995
662180
415132
427825
786654
823127
427599
146572
371380
257692
901121
686424
673950
103163
239245
576135
926447
406218
554597
750773
229006
530138
566380
482858
860737
917680
559034
752348
431906
941988
848399
627385
324063
935802
170702
164227
182213
787785
729058
887722
399782
885645
158308
356232
786503
564936
313965
601320
785316
426544
934274
951512
461572
950293
382914
923151
856666
715397
126608
936586
126867
507225
708926
862275
973570
378158
411419
607914
967852
964730
763512
567258
169317
152586
287481
331631
104926
507974
454696
617616
144500
540659
565173
512662
820740
232056
164570
771310
797297
566170
339931
947746
600862
499472
426676
608623
458744
757357
721842
781337
959822
468568
492758
457752
448732
120093
780068
615726
223549
387730
843713
949181
804393
164299
640763
591639
877070
127459
663230
830347
977053
445898
409152
460592
958162
414777
528542
138335
161748
392750
426166
122844
542926
585293
586214
976474
826644
522742
768556
249078
300315
466971
119772
849292
768916
922017
969177
114447
702164
893459
396972
831921
336991
289773
674514
212492
979761
826301
679401
383615
523685
955370
112400
155422
417284
955589
590435
533123
399916
574749
341202
695017
462200
977787
987363
543836
674424
162544
947244
509533
849348
300962
551693
789815
545218
346261
302947
627849
676510
770981
909339
270767
378383
766254
482688
169446
331471
995343
557670
717785
559447
559071
778281
752315
372909
962406
684691
276084
914109
771181
927999
352592
474111
115677
364166
541852
397156
556517
416404
268407
705934
992997
506952
903171
624538
245794
235078
378238
874589
175949
687399
718530
183686
409186
160574
649435
391449
509235
743246
436878
218101
656605
815925
409433
981324
845812
781274
995900
876099
354280
226154
112909
637381
705600
379042
914528
952327
582515
887900
291103
976788
376031
832216
795430
358047
236009
106000
189976
846767
253400
563053
845555
212300
803768
202199
426948
306760
971918
911587
940319
415484
413251
592951
608160
636145
841825
889819
246547
622235
118691
268877
350856
703311
211578
110858
533079
568678
209271
560606
698050
632221
195586
800933
954078
594252
463833
478949
904193
392702
582437
879188
193311
970352
744270
527216
688175
728709
953377
141890
388911
181702
803885
591938
349194
992376
736540
119521
380003
683183
875188
748222
254621
526827
333507
840520
535193
970703
920074
150565
189994
141603
580743
878018
681270
598525
842546
393368
877627
849895
396022
947739
709276
385408
345572
438054
222229
688224
782825
738153
531558
781987
891017
725301
350752
708672
282147
106392
751882
124141
364778
669495
691842
124811
190831
267854
579681
610191
488967
592532
140738
852185
930585
395417
852974
435384
102824
298168
474086
499096
983262
666387
682959
695981
442958
345776
241152
515701
760774
552157
174198
643308
379485
458606
999696
382222
734033
827775
794565
929141
408560
270627
700560
715612
827139
504561
409852
308260
229015
288652
789196
714546
773051
435875
781287
432818
517435
552740
199854
373274
290055
866553
726463
736940
132478
263493
757209
136144
920580
496490
734645
833788
859173
832364
343429
205437
193208
437779
421421
480094
566894
544688
642474
581569
770315
716603
704522
152572
711878
176076
142024
725475
172765
360279
460698
781280
975807
305327
187662
964276
546597
501151
912455
819273
115948
366517
199851
879833
740685
128393
871950
907336
305547
785588
135912
991827
979054
229146
305286
355536
197571
139599
111347
289781
205240
517799
881592
226025
860824
632033
986615
313419
466053
490279
200136
589463
209469
812243
780341
206275
591671
783849
880701
729181
302649
249820
279421
198411
296296
517335
980685
593725
115104
406965
522267
730654
223519
462987
966258
863208
310809
946675
791628
436280
323200
170211
884379
136808
660819
288627
347696
443948
516611
401783
154783
742326
499701
258696
933035
570732
439177
587382
175146
547736
983377
694059
480940
165377
470372
615738
233003
739891
928453
976830
214167
538188
741231
209291
519221
439345
296727
280788
982831
109322
284858
367453
788898
668254
288430
374396
928572
360962
916010
264839
295293
841590
427740
145410
387273
334769
724664
271262
850621
742893
692821
389285
999955
588112
662008
921702
365636
369494
321246
385491
791964
144892
101423
709757
106789
457141
544481
849609
567884
696954
915931
842462
392813
691180
139679
836184
389152
701805
494010
100496
280364
547200
291113
406726
426768
362744
521559
104609
555976
766238
113548
516516
600191
726394
280838
208039
584608
374376
607951
940651
732778
173284
128543
889653
503062
565932
214786
187202
765462
502782
631562
299556
343656
524712
142378
513334
381635
529352
460943
833530
660686
363614
647186
906373
718711
648412
634618
657685
730003
674716
984200
609452
903018
136309
407431
580232
472809
340795
185908
373497
917791
949629
877580
231775
863836
631336
115124
929468
604023
153454
396123
253677
317252
368152
342108
840960
679456
430630
825583
364623
420581
630430
699791
579132
174056
922886
842959
296262
735552
835957
740884
772610
686911
776699
350908
453744
420310
851345
790194
799026
828764
459965
519044
999271
488484
177727
973166
725368
891766
599753
944463
508884
215681
668293
468554
966758
498346
641727
853320
508989
683529
685080
520757
673404
484162
143514
764630
701070
816444
654360
106318
576223
751611
329307
458038
889016
768774
662747
877113
683700
205753
679803
579679
803401
274286
624568
750534
836607
525827
783168
182103
942169
109732
384464
997867
451711
627518
464685
455544
773871
590060
590301
975382
487832
321478
480131
658152
485004
113699
435815
481316
712640
418157
761841
878369
868308
855226
768286
934236
795093
140642
961995
601930
956697
433460
615577
790496
637398
545579
619894
519087
702794
997826
732263
793801
403690
821899
543705
865625
642371
577378
122936
374449
719807
132360
598494
109293
913975
238004
256274
375666
512154
980947
916410
359673
437371
640978
821665
675782
419758
851594
733165
572938
270759
656487
886728
741651
750071
398822
189176
199243
149044
807059
572383
638006
873348
311848
138874
687511
507567
174907
755684
199706
704383
302620
502098
496869
974532
989754
674733
600855
112421
857643
628322
658229
801707
196429
112241
928327
567885
401845
182380
713954
225327
235110
757273
322448
983784
134548
892866
481727
755720
157814
503050
895710
300113
165304
844966
946113
707362
758646
941610
494994
703888
808053
448341
154597
157011
282186
402743
427111
118213
853326
849045
227430
573677
807543
530973
643154
914400
555448
512463
416359
925397
231690
724419
572827
960792
275603
813774
206830
107749
933783
517347
484403
320888
112256
913496
687549
634020
217557
296790
209710
401772
220117
717393
419902
655665
334202
694881
722101
205736
243497
507641
872842
356463
373504
638204
828109
206376
652184
973499
919436
564370
442158
342340
112513
120587
363932
977792
415297
685771
660107
496334
991998
801800
601662
439370
556134
488021
168469
474962
962410
437871
574087
947840
150795
641496
589604
469446
270498
308968
322462
630832
504569
186557
780704
113983
357002
552909
345519
427778
845882
961245
934077
176958
800378
438617
648595
630966
729598
746169
458381
277550
282987
396689
796138
382885
828887
804589
634024
969273
483071
792486
398145
217830
320791
259678
436719
521990
836623
714095
508290
402375
514288
569184
589665
454805
411096
848906
369158
374971
894759
618612
254195
498849
925468
207234
809258
915772
206624
928648
453514
572587
114627
681247
748349
622937
437560
397001
529346
928945
550721
875340
795415
357068
475355
739329
982927
798849
804538
245831
623142
405062
565365
324440
518238
817225
124152
706983
610325
728511
388243
992505
832492
395091
525395
934992
680935
749406
660248
535857
613085
533233
438124
151076
187933
328393
113341
558730
775591
431034
735996
753736
647957
169586
722990
991177
919402
615115
639742
687722
599140
580349
438646
452181
670825
991371
428856
957734
730020
711583
210058
738217
887480
323101
630295
752608
808219
859202
441291
347868
448243
136232
127906
829582
508137
653842
791469
297213
567380
432867
833693
182952
436732
956625
960499
101801
677196
682592
243738
122295
754269
504889
943624
508049
243787
856672
597173
249680
953478
788304
208075
830546
400318
540692
955465
942137
727248
246243
477563
649671
958911
813116
648425
655696
276866
460953
756318
277461
820851
712430
128606
730594
781998
403945
443167
311010
158983
643198
505015
514824
743390
172213
151290
855801
113613
486626
637148
209767
711602
732043
269306
908649
915136
219697
218274
328279
443507
708997
562145
304372
200188
621527
954487
893286
225864
547481
802574
626435
258464
130654
114062
483933
824326
514285
402397
523712
505154
275438
801072
171031
419385
855712
694089
469480
101118
429364
346832
724960
342524
536357
446819
814395
542872
689624
595465
288014
131827
439334
460264
105054
339589
174206
918475
394440
852873
411197
488494
815442
399012
684254
890857
105262
685546
375360
967746
802560
783639
151999
928417
279602
155764
725977
806708
761007
474770
328976
293237
370072
684068
619168
819436
794039
648205
964101
707747
162748
112975
142177
344450
201108
884593
561562
411895
857526
505557
837341
661931
237991
333056
842236
807519
230433
512171
882959
657520
285919
676509
143965
966989
678577
915158
336973
556220
604768
519107
951691
998637
290118
529339
312786
851242
700374
457374
451177
651630
236222
185485
897088
217611
843830
591873
770990
124843
736851
377339
701512
437353
771556
786895
488019
421546
977329
900577
206447
573571
194064
134711
269951
620047
280823
714298
154143
738180
783990
248736
968091
271164
500262
842689
863304
693646
500841
283371
246479
669700
261220
991185
307939
983836
245730
544762
498292
552005
700522
965285
670921
969664
344500
570456
420863
307395
314770
341862
680900
961667
177150
350109
645577
713616
224315
646555
587383
885738
681732
982738
409499
491222
841172
821544
758026
875281
151601
102415
161108
904296
235532
243511
525127
189410
679309
620778
655376
954470
137502
469789
464638
997610
251159
557979
688450
589410
295915
912617
769759
998426
884085
174406
918872
432285
793590
764798
175967
246664
339802
244548
970966
775748
207076
261459
461673
210322
211891
364272
727168
864436
952319
479761
194143
501428
456127
118959
514673
386055
951956
820548
113488
379922
778405
238667
492049
414924
375184
996711
337889
776484
449586
202263
720868
453681
729253
339790
766669
764151
861905
740865
603594
606888
257606
744787
662798
576021
246123
318759
850880
547045
190937
863212
722223
377553
481878
364562
173282
744310
940027
261308
937369
845282
711176
201787
326362
257211
246529
118222
150321
537928
498270
454384
725470
459705
130170
721591
373666
535036
397605
999224
837893
893113
529207
317550
454044
539656
192728
245412
821703
381402
404351
991921
783185
455814
910672
441385
175452
392548
410393
219901
217307
520042
813474
984554
816352
814923
444978
779486
461071
386085
164512
217987
227336
524449
788650
437504
581004
617745
263918
164226
818786
334391
431923
422863
541695
803057
449600
960071
718271
416210
254582
463377
807331
302802
776673
151963
822758
649719
985939
282018
662887
524702
940807
639227
867209
338845
917830
349351
837241
973110
248047
519685
835443
213666
107463
190065
408064
859620
331186
857003
149002
767442
466628
546447
497729
449922
991997
798470
508416
365462
389125
446353
353939
179285
644894
880287
996179
727949
356546
691075
490399
583884
218766
256159
322296
396690
444189
201414
628059
641699
242767
656909
403647
685050
794890
361217
962161
931238
257351
388161
634887
218683
318668
140773
260282
779612
392444
725993
720157
702660
921233
260095
688099
570116
565014
345186
874196
578314
593706
559611
130205
805157
558623
693413
316425
243072
487487
876808
501665
306912
199774
721982
838095
465687
250297
669720
128127
847309
937898
302457
837115
926912
591114
644496
762925
938461
184543
836909
864530
386368
572597
143651
238145
299675
615268
270873
233124
921486
410599
480100
336603
720803
649856
629403
645606
760435
460429
353932
152659
861858
197597
662360
170299
784919
864503
445929
606481
288893
505862
974838
359574
624324
337281
384647
292350
744739
740641
544245
314592
320903
699927
859452
857880
673407
117055
143096
198295
459657
775737
116640
123505
376186
146914
645515
646518
927193
914841
222371
474943
614134
118756
450474
546319
117146
646064
589569
756798
345928
420442
952742
253888
442870
365237
397249
163996
428413
450970
980636
728485
213206
986898
781354
942909
784050
647739
309632
573631
401648
564427
252197
125993
227821
595372
985968
563562
802097
263449
129768
735404
474352
923230
690149
405903
588584
232210
187602
158125
705069
463132
148928
969917
357034
701283
753759
155610
877875
379442
669768
351007
431682
514663
790388
995046
225324
832457
513120
